best model found at epoch NO.20
training:
loss: 1.260945014950395
c_index: 0.8068219521403089
RMSE: 1.1229181289672852
MAE: 0.8742568492889404
SD: 1.1074437477667207
CORR: 0.8060161781421429

validation:
loss: 1.9621606518775074
c_index: 0.7699320307405965
RMSE: 1.4007714986801147
MAE: 1.1180455684661865
SD: 1.3958818298852846
CORR: 0.7327653562382339

test:
loss: 2.582495666372365
c_index: 0.7458206777796379
RMSE: 1.607014536857605
MAE: 1.301904559135437
SD: 1.6049680540488005
CORR: 0.6756454716000669

